Tabula V,

indicans pondus specificumAcidi phosphoriei aqua

soluti in relatione ad quantitatem acidi anhydri et quae

huic respondet, orthophosphorioi, qnam eentum partes
solutionis continent.

Secundum tvans.

Pondus Partes centesimae acidi pondus Partes centesimae acidi

specificnm ⁸90⁰ffi⁰¹¹¹¹¹ orthophos·

666ο 6. 6666666 θηζζξξζξ· 666ο e. anhydri phorm

1·508 Asa-60¹ onio itii! 2824! 38‘98
ΗΜ 48·41 230

6666 6666 6 3666
-666 6666166-66 6666· 6666 6666
6666 6663 6666 6666 6666 6666
6666 666616666 6666 6666 3666
66666 66636 6666 6666 6666 3666
6636 6366 4 6666 6663 6666 6666
6666 6666 6666 6666 6663 6663
6666 6666 6666 6666 6666 6666
6666 6666 6666 6666 6666 6666
6666 66·66; 6666 6636 6666 6666
6666 6666 6636 6666 6666 6666
6666 6666 6666 6663 6663 6666
6666 36666 6666 6666 6666 6666
6666 6666 6666 6666 6666 6666
6666 3666 6666 6666 6666 6666
6666 3666 6666 6663 663 6366
6666 6666 6666 6666 666 6666
6666 36666 6666 6666 666 6666
6666 3666 6663 6666 666 666
6666 6666, 6666 6666 666 663
6666 6666 6666 6666 663 666
6666 3666 6663 6666 666 666
6666 3663 6666 6666 666 666
enai> 6666. 6666

 

