'Pabula VII,

exhibens rationem inter pondus specificum et quantitatem
Ammoniae, quae incentum partibus emmoniae aqua
mfflaenmmfflm

Secundum L. Garine.

ι
specifieum centesimae specifieum centesimae specificam centesimae
14⁰ c. Ι nn„ 140 e. ΝΗ, 14⁰0. nn,

08844 360 08969 306 09100 959
08848 358 08967 304 09106 950
08859 356 08971 309 09111 948
08856 354 08976 300 09116 948
08860 359 08981 998 09199 944
08864 350 08986 996 09197 949
08868 348 08991 994 09133 940
08879 348 08996 999 09139 938
08877 344 09001 990 09145 938
08881 34·9 09006 988 09150 934
08885 340 09011 980 09156 939
08889 338 0 9016 984 09169 930
08894 33·6 09091 989 09168 998
08898 334 09096 980 09174 996
08903 339 09031 978 09180 994
08907 330 09036 970 09185 999
08911 398 09041 974 09191 990
08916 396 09047 979 09197 918
08990 394 09059 970 09903 918
08995 399 09057 968 09909 914
08999 390 09063 906 09915 919
08934 318 09068 964 09991 910
08938 31·6 09073 969 09997 908
08943 314 09078 960 09933 906
08948 319 09083 958 09939 904
08953 310 09089 956 09945 909
08957 308 09094 954 09951 900

 

 

 

